2 0 
6 8 
2 5 
9 8 
7 0 
6 0 
5 1 
3 3 
4 9 
9 9 
7 4 
0 3 
4 3 
5 8 
7 3 
0 0 
4 6 
2 0 
4 1 
6 1 
9 8 
3 8 
1 5 
8 8 
7 2 
5 1 
7 0 
9 8 
7 7 
8 1 
1 1 
1 2 
5 3 
5 0 
9 4 
3 5 
9 4 
6 5 
9 5 
2 4 
8 9 
6 4 
3 2 
5 9 
6 6 
3 6 
8 7 
9 7 
8 0 
9 3 
7 6 
6 9 
3 2 
1 6 
7 9 
2 4 
4 8 
0 2 
2 4 
2 1 
2 1 
1 7 
1 5 
2 0 
4 4 
4 2 
6 7 
1 0 
0 5 
6 0 
7 0 
9 2 
1 8 
9 9 
5 3 
1 3 
6 7 
5 5 
0 9 
1 2 
3 7 
1 0 
2 4 
2 0 
6 5 
0 0 
1 3 
4 8 
4 5 
9 4 
0 3 
4 3 
4 1 
6 0 
3 0 
4 6 
7 7 
1 7 
2 5 
8 9 
